    1.0390E-01     1.2698E+02
    1.4199E+00     1.5007E+02
    2.9437E+00     2.3088E+02
    4.0173E+00     3.1169E+02
    4.9870E+00     4.7330E+02
    5.9913E+00     6.6955E+02
    6.9610E+00     8.6580E+02
    8.0693E+00     1.2121E+03
    8.9697E+00     1.5123E+03
    1.0009E+01     1.9278E+03
    1.1082E+01     2.3665E+03
    1.1983E+01     2.7937E+03
    1.2883E+01     3.2439E+03
    1.3887E+01     3.7633E+03
    1.4823E+01     4.2367E+03
    1.6139E+01     4.9639E+03
    1.6935E+01     5.4026E+03
    1.7870E+01     5.9683E+03
    1.8909E+01     6.5108E+03
    1.9913E+01     7.0765E+03
    2.0918E+01     7.6768E+03
  
