    4.6452E-01     6.8438E+01
    8.5161E-01     1.4895E+02
    1.1226E+00     2.4557E+02
    1.4323E+00     3.4622E+02
    1.7806E+00     4.3478E+02
    2.1677E+00     5.2738E+02
    2.6323E+00     5.9984E+02
    3.0968E+00     6.7230E+02
    3.5613E+00     7.4074E+02
    4.1806E+00     8.2126E+02
    4.8387E+00     8.9372E+02
    5.4194E+00     9.6618E+02
    6.3484E+00     1.0548E+03
    7.1226E+00     1.1312E+03
    7.8581E+00     1.1916E+03
    8.5161E+00     1.2520E+03
    9.2129E+00     1.3084E+03
    9.8710E+00     1.3647E+03
    1.0490E+01     1.4050E+03
    1.1071E+01     1.4493E+03
    1.1535E+01     1.4936E+03
    1.2039E+01     1.5298E+03
    1.2890E+01     1.5942E+03
    1.3781E+01     1.6546E+03
    1.4477E+01     1.6948E+03
    1.5252E+01     1.7512E+03
    1.5910E+01     1.7915E+03
    1.6645E+01     1.8438E+03
    1.7303E+01     1.8881E+03
    1.8116E+01     1.9404E+03
    1.8890E+01     1.9887E+03
    1.9742E+01     2.0411E+03
    2.0400E+01     2.0773E+03
    2.1058E+01     2.1256E+03
    2.1910E+01     2.1739E+03
    2.2839E+01     2.2142E+03
    2.3342E+01     2.2464E+03
    2.3961E+01     2.2826E+03
  
